                 970      5715       954


       970      6645      7596      6647       954


      5725      7596      7577      7596      5711


       961      6657      7596      6641       971


                 961      5721       971

1 + 2*() * evenCount
2 + 2*(1) * oddCount

In 327 steps, we got a total count of 95135

(/ 327  131) 2



                           970      5715       954


                 970      6645      7596      6647       954


       970      6645      7596      7577      7596      6647       954


      5725      7596      7577      7596      7577      7596      5711


       961      6657      7596      7577      7596      6641       971


                 961      6657      7596      6641       971


                           961      5721       971

2 + 2*(1)   evenCount
3 + 2*(1+2) oddCount

In 458 steps, we got a total count of 186292
(/ 458  131) 3



                                     970      5715       954


                           970      6645      7596      6647       954


                 970      6645      7596      7577      7596      6647       954


       970      6645      7596      7577      7596      7577      7596      6647       954


      5725      7596      7577      7596      7577      7596      7577      7596      5711


       961      6657      7596      7577      7596      7577      7596      6641       971


                 961      6657      7596      7577      7596      6641       971


                           961      6657      7596      6641       971


                                     961      5721       971

3 + 2*(1+2)   evenCount = 9
4 + 2*(1+2+3) oddCount = 16

In 589 steps, we got a total count of 307795

(/ 589  131) 4



evenCount:    7577
oddCount:     7596
nCount:       5715
sCount:       5721
eCount:       5711
wCount:       5725
nwCount:      970
neCount:      954
swCount:      961
seCount:      971
nwInnerCount: 6645
neInnerCount: 6647
swInnerCount: 6657
seInnerCount: 6641
